{
 "cells": [
  {
   "cell_type": "code",
   "execution_count": 27,
   "metadata": {},
   "outputs": [
    {
     "name": "stdout",
     "output_type": "stream",
     "text": [
      "Pretty printing has been turned ON\n"
     ]
    }
   ],
   "source": [
    "import scipy.misc\n",
    "from scipy.misc import comb as ncomb\n",
    "import numpy as np\n",
    "from itertools import combinations\n",
    "import pandas as pd\n",
    "import sys\n",
    "sys.path.append('../../mainstream/src/scheduler')\n",
    "sys.path.append('../../mainstream/data')\n",
    "sys.path.append('../scripts/util')\n",
    "import plot_util\n",
    "import app_data_mobilenets as app_data\n",
    "import scheduler_util\n",
    "%pprint on\n",
    "from mpl_toolkits import mplot3d\n",
    "%matplotlib inline\n",
    "import matplotlib.pyplot as plt\n",
    "from collections import Counter"
   ]
  },
  {
   "cell_type": "code",
   "execution_count": 28,
   "metadata": {},
   "outputs": [],
   "source": [
    "num_framerates = 15\n",
    "num_frozen = 10\n",
    "# num_framerates = 5\n",
    "# num_frozen = 10"
   ]
  },
  {
   "cell_type": "code",
   "execution_count": 29,
   "metadata": {},
   "outputs": [
    {
     "data": {
      "text/html": [
       "<div>\n",
       "<table border=\"1\" class=\"dataframe\">\n",
       "  <thead>\n",
       "    <tr style=\"text-align: right;\">\n",
       "      <th></th>\n",
       "      <th>0</th>\n",
       "      <th>1</th>\n",
       "      <th>2</th>\n",
       "      <th>3</th>\n",
       "      <th>4</th>\n",
       "      <th>5</th>\n",
       "      <th>6</th>\n",
       "      <th>7</th>\n",
       "      <th>8</th>\n",
       "      <th>9</th>\n",
       "      <th>10</th>\n",
       "      <th>11</th>\n",
       "      <th>12</th>\n",
       "      <th>13</th>\n",
       "      <th>14</th>\n",
       "      <th>15</th>\n",
       "      <th>16</th>\n",
       "      <th>17</th>\n",
       "      <th>18</th>\n",
       "      <th>19</th>\n",
       "    </tr>\n",
       "  </thead>\n",
       "  <tbody>\n",
       "    <tr>\n",
       "      <th>0</th>\n",
       "      <td>1</td>\n",
       "      <td>2</td>\n",
       "      <td>3</td>\n",
       "      <td>4</td>\n",
       "      <td>5</td>\n",
       "      <td>6</td>\n",
       "      <td>7</td>\n",
       "      <td>8</td>\n",
       "      <td>9</td>\n",
       "      <td>10</td>\n",
       "      <td>11</td>\n",
       "      <td>12</td>\n",
       "      <td>13</td>\n",
       "      <td>14</td>\n",
       "      <td>15</td>\n",
       "      <td>16</td>\n",
       "      <td>17</td>\n",
       "      <td>18</td>\n",
       "      <td>19</td>\n",
       "      <td>20</td>\n",
       "    </tr>\n",
       "    <tr>\n",
       "      <th>1</th>\n",
       "      <td>2</td>\n",
       "      <td>5</td>\n",
       "      <td>9</td>\n",
       "      <td>14</td>\n",
       "      <td>20</td>\n",
       "      <td>27</td>\n",
       "      <td>35</td>\n",
       "      <td>44</td>\n",
       "      <td>54</td>\n",
       "      <td>65</td>\n",
       "      <td>77</td>\n",
       "      <td>90</td>\n",
       "      <td>104</td>\n",
       "      <td>119</td>\n",
       "      <td>135</td>\n",
       "      <td>152</td>\n",
       "      <td>170</td>\n",
       "      <td>189</td>\n",
       "      <td>209</td>\n",
       "      <td>230</td>\n",
       "    </tr>\n",
       "    <tr>\n",
       "      <th>2</th>\n",
       "      <td>3</td>\n",
       "      <td>9</td>\n",
       "      <td>19</td>\n",
       "      <td>34</td>\n",
       "      <td>55</td>\n",
       "      <td>83</td>\n",
       "      <td>119</td>\n",
       "      <td>164</td>\n",
       "      <td>219</td>\n",
       "      <td>285</td>\n",
       "      <td>363</td>\n",
       "      <td>454</td>\n",
       "      <td>559</td>\n",
       "      <td>679</td>\n",
       "      <td>815</td>\n",
       "      <td>968</td>\n",
       "      <td>1139</td>\n",
       "      <td>1329</td>\n",
       "      <td>1539</td>\n",
       "      <td>1770</td>\n",
       "    </tr>\n",
       "    <tr>\n",
       "      <th>3</th>\n",
       "      <td>4</td>\n",
       "      <td>14</td>\n",
       "      <td>34</td>\n",
       "      <td>69</td>\n",
       "      <td>125</td>\n",
       "      <td>209</td>\n",
       "      <td>329</td>\n",
       "      <td>494</td>\n",
       "      <td>714</td>\n",
       "      <td>1000</td>\n",
       "      <td>1364</td>\n",
       "      <td>1819</td>\n",
       "      <td>2379</td>\n",
       "      <td>3059</td>\n",
       "      <td>3875</td>\n",
       "      <td>4844</td>\n",
       "      <td>5984</td>\n",
       "      <td>7314</td>\n",
       "      <td>8854</td>\n",
       "      <td>10625</td>\n",
       "    </tr>\n",
       "    <tr>\n",
       "      <th>4</th>\n",
       "      <td>5</td>\n",
       "      <td>20</td>\n",
       "      <td>55</td>\n",
       "      <td>125</td>\n",
       "      <td>251</td>\n",
       "      <td>461</td>\n",
       "      <td>791</td>\n",
       "      <td>1286</td>\n",
       "      <td>2001</td>\n",
       "      <td>3002</td>\n",
       "      <td>4367</td>\n",
       "      <td>6187</td>\n",
       "      <td>8567</td>\n",
       "      <td>11627</td>\n",
       "      <td>15503</td>\n",
       "      <td>20348</td>\n",
       "      <td>26333</td>\n",
       "      <td>33648</td>\n",
       "      <td>42503</td>\n",
       "      <td>53129</td>\n",
       "    </tr>\n",
       "    <tr>\n",
       "      <th>5</th>\n",
       "      <td>6</td>\n",
       "      <td>27</td>\n",
       "      <td>83</td>\n",
       "      <td>209</td>\n",
       "      <td>461</td>\n",
       "      <td>923</td>\n",
       "      <td>1715</td>\n",
       "      <td>3002</td>\n",
       "      <td>5004</td>\n",
       "      <td>8007</td>\n",
       "      <td>12375</td>\n",
       "      <td>18563</td>\n",
       "      <td>27131</td>\n",
       "      <td>38759</td>\n",
       "      <td>54263</td>\n",
       "      <td>74612</td>\n",
       "      <td>100946</td>\n",
       "      <td>134595</td>\n",
       "      <td>177099</td>\n",
       "      <td>230229</td>\n",
       "    </tr>\n",
       "    <tr>\n",
       "      <th>6</th>\n",
       "      <td>7</td>\n",
       "      <td>35</td>\n",
       "      <td>119</td>\n",
       "      <td>329</td>\n",
       "      <td>791</td>\n",
       "      <td>1715</td>\n",
       "      <td>3431</td>\n",
       "      <td>6434</td>\n",
       "      <td>11439</td>\n",
       "      <td>19447</td>\n",
       "      <td>31823</td>\n",
       "      <td>50387</td>\n",
       "      <td>77519</td>\n",
       "      <td>116279</td>\n",
       "      <td>170543</td>\n",
       "      <td>245156</td>\n",
       "      <td>346103</td>\n",
       "      <td>480699</td>\n",
       "      <td>657799</td>\n",
       "      <td>888029</td>\n",
       "    </tr>\n",
       "    <tr>\n",
       "      <th>7</th>\n",
       "      <td>8</td>\n",
       "      <td>44</td>\n",
       "      <td>164</td>\n",
       "      <td>494</td>\n",
       "      <td>1286</td>\n",
       "      <td>3002</td>\n",
       "      <td>6434</td>\n",
       "      <td>12869</td>\n",
       "      <td>24309</td>\n",
       "      <td>43757</td>\n",
       "      <td>75581</td>\n",
       "      <td>125969</td>\n",
       "      <td>203489</td>\n",
       "      <td>319769</td>\n",
       "      <td>490313</td>\n",
       "      <td>735470</td>\n",
       "      <td>1081574</td>\n",
       "      <td>1562274</td>\n",
       "      <td>2220074</td>\n",
       "      <td>3108104</td>\n",
       "    </tr>\n",
       "    <tr>\n",
       "      <th>8</th>\n",
       "      <td>9</td>\n",
       "      <td>54</td>\n",
       "      <td>219</td>\n",
       "      <td>714</td>\n",
       "      <td>2001</td>\n",
       "      <td>5004</td>\n",
       "      <td>11439</td>\n",
       "      <td>24309</td>\n",
       "      <td>48619</td>\n",
       "      <td>92377</td>\n",
       "      <td>167959</td>\n",
       "      <td>293929</td>\n",
       "      <td>497419</td>\n",
       "      <td>817189</td>\n",
       "      <td>1307503</td>\n",
       "      <td>2042974</td>\n",
       "      <td>3124549</td>\n",
       "      <td>4686824</td>\n",
       "      <td>6906899</td>\n",
       "      <td>10015004</td>\n",
       "    </tr>\n",
       "    <tr>\n",
       "      <th>9</th>\n",
       "      <td>10</td>\n",
       "      <td>65</td>\n",
       "      <td>285</td>\n",
       "      <td>1000</td>\n",
       "      <td>3002</td>\n",
       "      <td>8007</td>\n",
       "      <td>19447</td>\n",
       "      <td>43757</td>\n",
       "      <td>92377</td>\n",
       "      <td>184755</td>\n",
       "      <td>352715</td>\n",
       "      <td>646645</td>\n",
       "      <td>1144065</td>\n",
       "      <td>1961255</td>\n",
       "      <td>3268759</td>\n",
       "      <td>5311734</td>\n",
       "      <td>8436284</td>\n",
       "      <td>13123109</td>\n",
       "      <td>20030009</td>\n",
       "      <td>30045014</td>\n",
       "    </tr>\n",
       "    <tr>\n",
       "      <th>10</th>\n",
       "      <td>11</td>\n",
       "      <td>77</td>\n",
       "      <td>363</td>\n",
       "      <td>1364</td>\n",
       "      <td>4367</td>\n",
       "      <td>12375</td>\n",
       "      <td>31823</td>\n",
       "      <td>75581</td>\n",
       "      <td>167959</td>\n",
       "      <td>352715</td>\n",
       "      <td>705431</td>\n",
       "      <td>1352077</td>\n",
       "      <td>2496143</td>\n",
       "      <td>4457399</td>\n",
       "      <td>7726159</td>\n",
       "      <td>13037894</td>\n",
       "      <td>21474179</td>\n",
       "      <td>34597289</td>\n",
       "      <td>54627299</td>\n",
       "      <td>84672314</td>\n",
       "    </tr>\n",
       "    <tr>\n",
       "      <th>11</th>\n",
       "      <td>12</td>\n",
       "      <td>90</td>\n",
       "      <td>454</td>\n",
       "      <td>1819</td>\n",
       "      <td>6187</td>\n",
       "      <td>18563</td>\n",
       "      <td>50387</td>\n",
       "      <td>125969</td>\n",
       "      <td>293929</td>\n",
       "      <td>646645</td>\n",
       "      <td>1352077</td>\n",
       "      <td>2704155</td>\n",
       "      <td>5200299</td>\n",
       "      <td>9657699</td>\n",
       "      <td>17383859</td>\n",
       "      <td>30421754</td>\n",
       "      <td>51895934</td>\n",
       "      <td>86493224</td>\n",
       "      <td>141120524</td>\n",
       "      <td>225792839</td>\n",
       "    </tr>\n",
       "    <tr>\n",
       "      <th>12</th>\n",
       "      <td>13</td>\n",
       "      <td>104</td>\n",
       "      <td>559</td>\n",
       "      <td>2379</td>\n",
       "      <td>8567</td>\n",
       "      <td>27131</td>\n",
       "      <td>77519</td>\n",
       "      <td>203489</td>\n",
       "      <td>497419</td>\n",
       "      <td>1144065</td>\n",
       "      <td>2496143</td>\n",
       "      <td>5200299</td>\n",
       "      <td>10400599</td>\n",
       "      <td>20058299</td>\n",
       "      <td>37442159</td>\n",
       "      <td>67863914</td>\n",
       "      <td>119759849</td>\n",
       "      <td>206253074</td>\n",
       "      <td>347373599</td>\n",
       "      <td>573166439</td>\n",
       "    </tr>\n",
       "    <tr>\n",
       "      <th>13</th>\n",
       "      <td>14</td>\n",
       "      <td>119</td>\n",
       "      <td>679</td>\n",
       "      <td>3059</td>\n",
       "      <td>11627</td>\n",
       "      <td>38759</td>\n",
       "      <td>116279</td>\n",
       "      <td>319769</td>\n",
       "      <td>817189</td>\n",
       "      <td>1961255</td>\n",
       "      <td>4457399</td>\n",
       "      <td>9657699</td>\n",
       "      <td>20058299</td>\n",
       "      <td>40116599</td>\n",
       "      <td>77558759</td>\n",
       "      <td>145422674</td>\n",
       "      <td>265182524</td>\n",
       "      <td>471435599</td>\n",
       "      <td>818809199</td>\n",
       "      <td>1391975639</td>\n",
       "    </tr>\n",
       "    <tr>\n",
       "      <th>14</th>\n",
       "      <td>15</td>\n",
       "      <td>135</td>\n",
       "      <td>815</td>\n",
       "      <td>3875</td>\n",
       "      <td>15503</td>\n",
       "      <td>54263</td>\n",
       "      <td>170543</td>\n",
       "      <td>490313</td>\n",
       "      <td>1307503</td>\n",
       "      <td>3268759</td>\n",
       "      <td>7726159</td>\n",
       "      <td>17383859</td>\n",
       "      <td>37442159</td>\n",
       "      <td>77558759</td>\n",
       "      <td>155117519</td>\n",
       "      <td>300540194</td>\n",
       "      <td>565722719</td>\n",
       "      <td>1037158319</td>\n",
       "      <td>1855967519</td>\n",
       "      <td>3247943159</td>\n",
       "    </tr>\n",
       "    <tr>\n",
       "      <th>15</th>\n",
       "      <td>16</td>\n",
       "      <td>152</td>\n",
       "      <td>968</td>\n",
       "      <td>4844</td>\n",
       "      <td>20348</td>\n",
       "      <td>74612</td>\n",
       "      <td>245156</td>\n",
       "      <td>735470</td>\n",
       "      <td>2042974</td>\n",
       "      <td>5311734</td>\n",
       "      <td>13037894</td>\n",
       "      <td>30421754</td>\n",
       "      <td>67863914</td>\n",
       "      <td>145422674</td>\n",
       "      <td>300540194</td>\n",
       "      <td>601080389</td>\n",
       "      <td>1166803109</td>\n",
       "      <td>2203961429</td>\n",
       "      <td>4059928949</td>\n",
       "      <td>7307872109</td>\n",
       "    </tr>\n",
       "    <tr>\n",
       "      <th>16</th>\n",
       "      <td>17</td>\n",
       "      <td>170</td>\n",
       "      <td>1139</td>\n",
       "      <td>5984</td>\n",
       "      <td>26333</td>\n",
       "      <td>100946</td>\n",
       "      <td>346103</td>\n",
       "      <td>1081574</td>\n",
       "      <td>3124549</td>\n",
       "      <td>8436284</td>\n",
       "      <td>21474179</td>\n",
       "      <td>51895934</td>\n",
       "      <td>119759849</td>\n",
       "      <td>265182524</td>\n",
       "      <td>565722719</td>\n",
       "      <td>1166803109</td>\n",
       "      <td>2333606219</td>\n",
       "      <td>4537567649</td>\n",
       "      <td>8597496599</td>\n",
       "      <td>15905368709</td>\n",
       "    </tr>\n",
       "    <tr>\n",
       "      <th>17</th>\n",
       "      <td>18</td>\n",
       "      <td>189</td>\n",
       "      <td>1329</td>\n",
       "      <td>7314</td>\n",
       "      <td>33648</td>\n",
       "      <td>134595</td>\n",
       "      <td>480699</td>\n",
       "      <td>1562274</td>\n",
       "      <td>4686824</td>\n",
       "      <td>13123109</td>\n",
       "      <td>34597289</td>\n",
       "      <td>86493224</td>\n",
       "      <td>206253074</td>\n",
       "      <td>471435599</td>\n",
       "      <td>1037158319</td>\n",
       "      <td>2203961429</td>\n",
       "      <td>4537567649</td>\n",
       "      <td>9075135299</td>\n",
       "      <td>17672631899</td>\n",
       "      <td>33578000609</td>\n",
       "    </tr>\n",
       "    <tr>\n",
       "      <th>18</th>\n",
       "      <td>19</td>\n",
       "      <td>209</td>\n",
       "      <td>1539</td>\n",
       "      <td>8854</td>\n",
       "      <td>42503</td>\n",
       "      <td>177099</td>\n",
       "      <td>657799</td>\n",
       "      <td>2220074</td>\n",
       "      <td>6906899</td>\n",
       "      <td>20030009</td>\n",
       "      <td>54627299</td>\n",
       "      <td>141120524</td>\n",
       "      <td>347373599</td>\n",
       "      <td>818809199</td>\n",
       "      <td>1855967519</td>\n",
       "      <td>4059928949</td>\n",
       "      <td>8597496599</td>\n",
       "      <td>17672631899</td>\n",
       "      <td>35345263799</td>\n",
       "      <td>68923264409</td>\n",
       "    </tr>\n",
       "    <tr>\n",
       "      <th>19</th>\n",
       "      <td>20</td>\n",
       "      <td>230</td>\n",
       "      <td>1770</td>\n",
       "      <td>10625</td>\n",
       "      <td>53129</td>\n",
       "      <td>230229</td>\n",
       "      <td>888029</td>\n",
       "      <td>3108104</td>\n",
       "      <td>10015004</td>\n",
       "      <td>30045014</td>\n",
       "      <td>84672314</td>\n",
       "      <td>225792839</td>\n",
       "      <td>573166439</td>\n",
       "      <td>1391975639</td>\n",
       "      <td>3247943159</td>\n",
       "      <td>7307872109</td>\n",
       "      <td>15905368709</td>\n",
       "      <td>33578000609</td>\n",
       "      <td>68923264409</td>\n",
       "      <td>137846528819</td>\n",
       "    </tr>\n",
       "  </tbody>\n",
       "</table>\n",
       "</div>"
      ],
      "text/plain": [
       "    0    1     2      3      4       5       6        7         8         9   \\\n",
       "0    1    2     3      4      5       6       7        8         9        10   \n",
       "1    2    5     9     14     20      27      35       44        54        65   \n",
       "2    3    9    19     34     55      83     119      164       219       285   \n",
       "3    4   14    34     69    125     209     329      494       714      1000   \n",
       "4    5   20    55    125    251     461     791     1286      2001      3002   \n",
       "5    6   27    83    209    461     923    1715     3002      5004      8007   \n",
       "6    7   35   119    329    791    1715    3431     6434     11439     19447   \n",
       "7    8   44   164    494   1286    3002    6434    12869     24309     43757   \n",
       "8    9   54   219    714   2001    5004   11439    24309     48619     92377   \n",
       "9   10   65   285   1000   3002    8007   19447    43757     92377    184755   \n",
       "10  11   77   363   1364   4367   12375   31823    75581    167959    352715   \n",
       "11  12   90   454   1819   6187   18563   50387   125969    293929    646645   \n",
       "12  13  104   559   2379   8567   27131   77519   203489    497419   1144065   \n",
       "13  14  119   679   3059  11627   38759  116279   319769    817189   1961255   \n",
       "14  15  135   815   3875  15503   54263  170543   490313   1307503   3268759   \n",
       "15  16  152   968   4844  20348   74612  245156   735470   2042974   5311734   \n",
       "16  17  170  1139   5984  26333  100946  346103  1081574   3124549   8436284   \n",
       "17  18  189  1329   7314  33648  134595  480699  1562274   4686824  13123109   \n",
       "18  19  209  1539   8854  42503  177099  657799  2220074   6906899  20030009   \n",
       "19  20  230  1770  10625  53129  230229  888029  3108104  10015004  30045014   \n",
       "\n",
       "          10         11         12          13          14          15  \\\n",
       "0         11         12         13          14          15          16   \n",
       "1         77         90        104         119         135         152   \n",
       "2        363        454        559         679         815         968   \n",
       "3       1364       1819       2379        3059        3875        4844   \n",
       "4       4367       6187       8567       11627       15503       20348   \n",
       "5      12375      18563      27131       38759       54263       74612   \n",
       "6      31823      50387      77519      116279      170543      245156   \n",
       "7      75581     125969     203489      319769      490313      735470   \n",
       "8     167959     293929     497419      817189     1307503     2042974   \n",
       "9     352715     646645    1144065     1961255     3268759     5311734   \n",
       "10    705431    1352077    2496143     4457399     7726159    13037894   \n",
       "11   1352077    2704155    5200299     9657699    17383859    30421754   \n",
       "12   2496143    5200299   10400599    20058299    37442159    67863914   \n",
       "13   4457399    9657699   20058299    40116599    77558759   145422674   \n",
       "14   7726159   17383859   37442159    77558759   155117519   300540194   \n",
       "15  13037894   30421754   67863914   145422674   300540194   601080389   \n",
       "16  21474179   51895934  119759849   265182524   565722719  1166803109   \n",
       "17  34597289   86493224  206253074   471435599  1037158319  2203961429   \n",
       "18  54627299  141120524  347373599   818809199  1855967519  4059928949   \n",
       "19  84672314  225792839  573166439  1391975639  3247943159  7307872109   \n",
       "\n",
       "             16           17           18            19  \n",
       "0            17           18           19            20  \n",
       "1           170          189          209           230  \n",
       "2          1139         1329         1539          1770  \n",
       "3          5984         7314         8854         10625  \n",
       "4         26333        33648        42503         53129  \n",
       "5        100946       134595       177099        230229  \n",
       "6        346103       480699       657799        888029  \n",
       "7       1081574      1562274      2220074       3108104  \n",
       "8       3124549      4686824      6906899      10015004  \n",
       "9       8436284     13123109     20030009      30045014  \n",
       "10     21474179     34597289     54627299      84672314  \n",
       "11     51895934     86493224    141120524     225792839  \n",
       "12    119759849    206253074    347373599     573166439  \n",
       "13    265182524    471435599    818809199    1391975639  \n",
       "14    565722719   1037158319   1855967519    3247943159  \n",
       "15   1166803109   2203961429   4059928949    7307872109  \n",
       "16   2333606219   4537567649   8597496599   15905368709  \n",
       "17   4537567649   9075135299  17672631899   33578000609  \n",
       "18   8597496599  17672631899  35345263799   68923264409  \n",
       "19  15905368709  33578000609  68923264409  137846528819  "
      ]
     },
     "execution_count": 29,
     "metadata": {},
     "output_type": "execute_result"
    }
   ],
   "source": [
    "data = []\n",
    "x, y, z = [], [], []\n",
    "for framerates_ in range(1,20+1):\n",
    "    row = []\n",
    "    for frozen_ in range(1,20+1):\n",
    "        dd = [ncomb(framerates_, i, exact=True) * ncomb(frozen_, i, exact=True) for i in range(1,frozen_+1)]\n",
    "        row.append(sum(dd))\n",
    "        x.append(framerates_)\n",
    "        y.append(frozen_)\n",
    "        z.append(sum(dd))\n",
    "    data.append(row)\n",
    "pd.DataFrame(data)"
   ]
  },
  {
   "cell_type": "code",
   "execution_count": 30,
   "metadata": {},
   "outputs": [
    {
     "data": {
      "text/plain": [
       "<matplotlib.text.Text at 0x11384e610>"
      ]
     },
     "execution_count": 30,
     "metadata": {},
     "output_type": "execute_result"
    },
    {
     "data": {
